# Column 1: Year
# Column 2: Cumulative emissions
# Column 3: Area-weighted temperature of the grid cells included in the model
# Column 4: Area-weighted temperature change from pre-industrial of the grid cells included in the model
    1850          0.0000         14.3912         -0.1401
    1851          0.0512         14.4136         -0.1177
    1852          0.1027         14.5042         -0.0272
    1853          0.1562         14.4913         -0.0400
    1854          0.2120         14.3679         -0.1635
    1855          0.2777         14.4281         -0.1032
    1856          0.3441         14.6874          0.1561
    1857          0.4151         14.7938          0.2625
    1858          0.4868         14.5780          0.0467
    1859          0.5596         14.7918          0.2604
    1860          0.6373         14.8067          0.2754
    1861          0.7228         14.8025          0.2711
    1862          0.8130         14.8515          0.3201
    1863          0.9047         14.7538          0.2225
    1864          1.0019         14.6229          0.0916
    1865          1.1063         14.5055         -0.0259
    1866          1.2170         14.4391         -0.0923
    1867          1.3314         14.5608          0.0295
    1868          1.4537         14.5650          0.0337
    1869          1.5790         14.8482          0.3169
    1870          1.7119         15.0234          0.4921
    1871          1.8483         14.7261          0.1948
    1872          1.9931         14.4185         -0.1129
    1873          2.1531         14.8491          0.3177
    1874          2.3228         14.9432          0.4119
    1875          2.4834         14.6813          0.1499
    1876          2.6562         14.6276          0.0962
    1877          2.8317         14.9734          0.4420
    1878          3.0111         14.7652          0.2339
    1879          3.1914         14.6364          0.1051
    1880          3.3841         14.7105          0.1791
    1881          3.6029         14.4490         -0.0824
    1882          3.8276         14.4458         -0.0856
    1883          4.0640         14.6613          0.1300
    1884          4.3143         14.9075          0.3762
    1885          4.5665         14.6278          0.0965
    1886          4.8204         14.6514          0.1201
    1887          5.0781         14.8056          0.2743
    1888          5.3484         14.9270          0.3956
    1889          5.6468         14.5771          0.0458
    1890          5.9455         14.4508         -0.0806
    1891          6.2700         14.4144         -0.1169
    1892          6.6096         14.7605          0.2291
    1893          6.9517         14.5686          0.0373
    1894          7.2888         14.6778          0.1465
    1895          7.6391         14.3718         -0.1595
    1896          8.0099         14.5997          0.0683
    1897          8.3926         14.4682         -0.0631
    1898          8.7935         14.3670         -0.1644
    1899          9.2158         14.4956         -0.0357
    1900          9.6780         14.4755         -0.0558
    1901         10.1649         14.5635          0.0322
    1902         10.6681         14.9634          0.4321
    1903         11.1862         14.3317         -0.1997
    1904         11.7513         14.1300         -0.4014
    1905         12.3250         14.5625          0.0312
    1906         12.9358         14.6179          0.0866
    1907         13.5786         14.5876          0.0563
    1908         14.3038         14.6570          0.1256
    1909         15.0053         14.4317         -0.0997
    1910         15.7328         14.6741          0.1427
    1911         16.4966         14.6174          0.0860
    1912         17.2756         14.5600          0.0286
    1913         18.0934         14.5114         -0.0200
    1914         18.9805         14.7326          0.2012
    1915         19.7897         14.5252         -0.0061
    1916         20.5903         14.4726         -0.0588
    1917         21.4530         14.2627         -0.2686
    1918         22.3470         14.5132         -0.0182
    1919         23.2317         14.3615         -0.1699
    1920         24.0100         14.3459         -0.1854
    1921         24.9098         14.6581          0.1267
    1922         25.7003         14.7029          0.1716
    1923         26.5404         14.4548         -0.0766
    1924         27.4955         14.4352         -0.0961
    1925         28.4612         14.4311         -0.1002
    1926         29.4401         14.3916         -0.1398
    1927         30.4064         14.3815         -0.1498
    1928         31.4725         14.5593          0.0279
    1929         32.5426         14.4365         -0.0949
    1930         33.6928         14.4246         -0.1067
    1931         34.7591         14.4455         -0.0858
    1932         35.7214         14.4505         -0.0809
    1933         36.5955         14.7089          0.1775
    1934         37.5122         14.4656         -0.0658
    1935         38.5057         14.3873         -0.1441
    1936         39.5485         14.5308         -0.0006
    1937         40.6901         14.4188         -0.1126
    1938         41.9113         14.5270         -0.0043
    1939         43.0630         14.6909          0.1596
    1940         44.2854         14.5748          0.0435
    1941         45.6068         14.3255         -0.2059
    1942         46.9526         14.4258         -0.1056
    1943         48.3006         14.4979         -0.0334
    1944         49.6917         14.5906          0.0593
    1945         51.0662         14.4463         -0.0851
    1946         52.2342         14.3165         -0.2149
    1947         53.5144         14.6106          0.0792
    1948         54.9488         14.7975          0.2662
    1949         56.4732         14.9021          0.3707
    1950         57.9712         14.7213          0.1900
    1951         59.6469         14.5483          0.0169
    1952         61.4422         14.5142         -0.0171
    1953         63.2707         14.7453          0.2140
    1954         65.1518         14.8645          0.3332
    1955         67.0809         14.7168          0.1855
    1956         69.1907         14.7849          0.2536
    1957         71.4502         14.6323          0.1010
    1958         73.8024         14.2722         -0.2591
    1959         76.2353         14.7147          0.1834
    1960         78.8027         15.0619          0.5306
    1961         81.4946         14.6021          0.0707
    1962         84.2069         14.6583          0.1270
    1963         87.0315         14.6368          0.1055
    1964         90.0211         14.3628         -0.1686
    1965         93.1651         14.4710         -0.0603
    1966         96.4542         14.7194          0.1881
    1967         99.8981         14.7949          0.2635
    1968        103.4576         14.5345          0.0031
    1969        107.2175         14.6447          0.1134
    1970        111.2003         14.6496          0.1182
    1971        115.4419         14.3658         -0.1655
    1972        119.8657         14.5354          0.0041
    1973        124.4820         14.7936          0.2623
    1974        129.3636         14.7205          0.1892
    1975        134.2213         14.6823          0.1510
    1976        139.0563         14.7259          0.1946
    1977        144.1575         14.5300         -0.0013
    1978        149.4232         14.8264          0.2951
    1979        154.9030         14.9560          0.4246
    1980        160.5274         14.6955          0.1642
    1981        166.0715         14.7072          0.1758
    1982        171.5066         14.6794          0.1481
    1983        176.8789         14.5584          0.0271
    1984        182.2556         14.7782          0.2469
    1985        187.7612         14.6983          0.1669
    1986        193.3230         14.9098          0.3785
    1987        198.9839         15.0729          0.5416
    1988        204.7968         14.7561          0.2247
    1989        210.7950         14.5843          0.0529
    1990        216.8650         14.5168         -0.0145
    1991        222.9089         14.9897          0.4584
    1992        228.9608         15.0089          0.4776
    1993        234.9674         15.1979          0.6665
    1994        241.0215         15.2520          0.7207
    1995        247.1163         15.0577          0.5263
    1996        253.3452         15.0656          0.5342
    1997        259.7014         14.9782          0.4469
    1998        266.1152         15.1635          0.6321
    1999        272.5412         15.4253          0.8940
    2000        279.0322         15.2358          0.7044
    2001        285.7478         15.2831          0.7517
    2002        292.5316         15.5232          0.9918
    2003        299.4549         15.1802          0.6489
    2004        306.7057         15.0998          0.5685
    2005        314.3341         15.2906          0.7592
    2006        322.2371         15.4176          0.8862
    2007        330.4034         15.7526          1.2212
    2008        338.8887         15.5553          1.0239
    2009        347.4296         15.7559          1.2245
    2010        355.8343         16.1758          1.6444
    2011        364.6214         16.1388          1.6074
    2012        373.6838         15.9268          1.3955
    2013        382.8751         16.1882          1.6569
    2014        392.3373         16.0215          1.4901
    2015        401.8588         15.8752          1.3439
    2016        411.3808         16.3287          1.7973
    2017        421.1812         16.1669          1.6355
    2018        431.2601         16.0548          1.5234
    2019        441.6174         16.3280          1.7966
    2020        452.2532         16.4436          1.9123
    2021        463.1674         16.4332          1.9018
    2022        474.3002         16.5891          2.0577
    2023        485.6515         16.5482          2.0169
    2024        497.2214         16.6963          2.1650
    2025        509.0099         16.4322          1.9009
    2026        521.0169         16.3542          1.8229
    2027        533.2425         16.5255          1.9942
    2028        545.6867         16.7766          2.2452
    2029        558.3495         16.9476          2.4162
    2030        571.2308         16.9667          2.4354
    2031        584.3307         16.6485          2.1171
    2032        597.5845         16.6300          2.0986
    2033        610.9922         16.6987          2.1673
    2034        624.5540         17.0512          2.5199
    2035        638.2696         17.1281          2.5968
    2036        652.1392         16.6535          2.1221
    2037        666.1628         16.8114          2.2800
    2038        680.3403         17.3442          2.8129
    2039        694.6717         17.5726          3.0413
    2040        709.1571         17.4154          2.8840
    2041        723.7964         17.5339          3.0026
    2042        738.5546         17.2883          2.7569
    2043        753.4316         17.1370          2.6057
    2044        768.4276         17.1417          2.6104
    2045        783.5424         17.7022          3.1709
    2046        798.7760         17.6763          3.1449
    2047        814.1286         17.4032          2.8718
    2048        829.6000         17.6198          3.0885
    2049        845.1903         17.7773          3.2459
    2050        860.8994         17.7174          3.1861
    2051        876.7274         17.8161          3.2847
    2052        892.6401         18.0845          3.5531
    2053        908.6374         17.9697          3.4384
    2054        924.7194         17.2575          2.7261
    2055        940.8860         17.5929          3.0615
    2056        957.1373         17.8788          3.3475
    2057        973.4732         17.8873          3.3560
    2058        989.8938         17.9116          3.3802
    2059       1006.3991         18.0134          3.4820
    2060       1022.9889         18.4672          3.9359
    2061       1039.6635         18.3731          3.8417
    2062       1056.4263         18.5988          4.0674
    2063       1073.2774         18.4477          3.9163
    2064       1090.2169         18.3825          3.8512
    2065       1107.2445         18.1481          3.6168
    2066       1124.3605         17.9609          3.4296
    2067       1141.5648         18.0381          3.5068
    2068       1158.8574         18.4341          3.9027
    2069       1176.2382         18.5001          3.9688
    2070       1193.7073         18.1424          3.6111
    2071       1211.2648         18.1434          3.6121
    2072       1228.9100         18.3045          3.7732
    2073       1246.6432         18.6869          4.1555
    2074       1264.4641         18.7819          4.2506
    2075       1282.3729         18.6358          4.1044
    2076       1300.3696         18.6136          4.0823
    2077       1318.4541         18.9226          4.3912
    2078       1336.6264         19.1549          4.6235
    2079       1354.8866         18.8916          4.3602
    2080       1373.2347         19.1459          4.6146
    2081       1391.6706         19.0706          4.5392
    2082       1410.2299         18.7268          4.1955
    2083       1428.9126         18.7578          4.2265
    2084       1447.7188         19.2137          4.6823
    2085       1466.6484         19.3340          4.8027
    2086       1485.7014         19.1413          4.6099
    2087       1504.8779         19.2560          4.7246
    2088       1524.1778         19.5392          5.0079
    2089       1543.6011         19.5938          5.0625
    2090       1563.1478         19.5240          4.9927
    2091       1582.8180         19.5732          5.0419
    2092       1602.6160         19.7988          5.2675
    2093       1622.5419         19.4949          4.9636
    2094       1642.5955         19.0846          4.5533
    2095       1662.7771         19.1386          4.6073
    2096       1683.0864         19.6175          5.0862
    2097       1703.5236         19.6835          5.1522
    2098       1724.0886         19.4556          4.9242
    2099       1744.7814         19.7379          5.2065
