Column 1: Year 
Column 2: SSP1-2.6 
Column 3: SSP2-4.5 
Column 4: SSP3-7.0 
Column 5: SSP5-8.5 

            1990    216.86503278    216.86503278    216.86503278    216.86503278
            1991    222.90887845    222.90887845    222.90887845    222.90887845
            1992    228.96077928    228.96077928    228.96077928    228.96077928
            1993    234.96744613    234.96744613    234.96744613    234.96744613
            1994    241.02146955    241.02146955    241.02146955    241.02146955
            1995    247.11632276    247.11632276    247.11632276    247.11632276
            1996    253.34523529    253.34523529    253.34523529    253.34523529
            1997    259.70144014    259.70144014    259.70144014    259.70144014
            1998    266.11516035    266.11516035    266.11516035    266.11516035
            1999    272.54119646    272.54119646    272.54119646    272.54119646
            2000    279.03223087    279.03223087    279.03223087    279.03223087
            2001    285.74784053    285.74784053    285.74784053    285.74784053
            2002    292.53160059    292.53160059    292.53160059    292.53160059
            2003    299.45489404    299.45489404    299.45489404    299.45489404
            2004    306.70566757    306.70566757    306.70566757    306.70566757
            2005    314.33409243    314.33409243    314.33409243    314.33409243
            2006    322.23705459    322.23705459    322.23705459    322.23705459
            2007    330.40335974    330.40335974    330.40335974    330.40335974
            2008    338.88873051    338.88873051    338.88873051    338.88873051
            2009    347.42962460    347.42962460    347.42962460    347.42962460
            2010    355.83428215    355.83428215    355.83428215    355.83428215
            2011    364.62140152    364.62140152    364.62140152    364.62140152
            2012    373.68384989    373.68384989    373.68384989    373.68384989
            2013    382.87507957    382.87507957    382.87507957    382.87507957
            2014    392.33726470    392.33726470    392.33726470    392.33726470
            2015    401.85880006    401.85880006    401.85880006    401.85880006
            2016    411.38081442    411.38079016    411.38079025    411.38081337
            2017    420.95642335    420.99043415    421.18122386    421.12115634
            2018    430.58562679    430.68773206    431.26010081    431.07982887
            2019    440.26842510    440.47268388    441.61742154    441.25683140
            2020    450.00481783    450.34528963    452.25318552    451.65216339
            2021    459.79480491    460.30554927    463.16739272    462.26582483
            2022    469.52805648    470.34495285    474.30016711    473.17049982
            2023    479.20457260    480.46350035    485.65150857    484.36618821
            2024    488.82435317    490.66119176    497.22141721    495.85289016
            2025    498.38739823    500.93802711    509.00989287    507.63060546
            2026    507.89370776    511.29400638    521.01693572    519.69933433
            2027    517.34328208    521.72912958    533.24254610    532.05907712
            2028    526.73612062    532.24339671    545.68672321    544.70983297
            2029    536.07222379    542.83680776    558.34946769    557.65160256
            2030    545.35159105    553.50936275    571.23077875    570.88438507
            2031    554.57422303    564.26106166    584.33065727    584.40818140
            2032    563.58803645    575.04849629    597.58448023    598.31666754
            2033    572.39303146    585.87166665    610.99224760    612.60984328
            2034    580.98920791    596.73057270    624.55395940    627.28770882
            2035    589.37656591    607.62521448    638.26961553    642.35026393
            2036    597.55510536    618.55559200    652.13921609    657.79750889
            2037    605.52482654    629.52170522    666.16276152    673.62944406
            2038    613.28572902    640.52355415    680.34025093    689.84606840
            2039    620.83781309    651.56113880    694.67168500    706.44738277
            2040    628.18107836    662.63445918    709.15706289    723.43338615
            2041    635.31552529    673.74351527    723.79638553    740.80407968
            2042    642.25506591    684.87287484    738.55457760    758.59813087
            2043    648.99970034    696.02253791    753.43163906    776.81553950
            2044    655.54942847    707.19250447    768.42756993    795.45630575
            2045    661.90425039    718.38277452    783.54237014    814.52042935
            2046    668.06416600    729.59334805    798.77603976    834.00791057
            2047    674.02917551    740.82422508    814.12857926    853.91874998
            2048    679.79927861    752.07540558    829.59998770    874.25294628
            2049    685.37447553    763.34688960    845.19026578    895.01050047
            2050    690.75476595    774.63867710    860.89941260    916.19141136
            2051    695.94015024    785.95076808    876.72742920    937.79568029
            2052    700.94610559    797.22700541    892.64009851    959.90771620
            2053    705.77263211    808.46738908    908.63742051    982.52751883
            2054    710.41972969    819.67191908    924.71939517   1005.65508841
            2055    714.88739844    830.84059542    940.88602245   1029.29042462
            2056    719.17563824    841.97341812    957.13730240   1053.43352781
            2057    723.28444926    853.07038717    973.47323556   1078.08439868
            2058    727.21383130    864.13150255    989.89382088   1103.24303558
            2059    730.96378449    875.15676428   1006.39905915   1128.90943974
            2060    734.53430863    886.14617235   1022.98894942   1155.08360974
            2061    737.92540396    897.09972676   1039.66349274   1181.76554720
            2062    741.15207898    907.92859066   1056.42632408   1208.90207620
            2063    744.21433379    918.63276404   1073.27744341   1236.49319652
            2064    747.11216829    929.21224689   1090.21685072   1264.53890834
            2065    749.84558257    939.66703922   1107.24454595   1293.03921130
            2066    752.41457654    949.99714102   1124.36052920   1321.99410586
            2067    754.81915031    960.20255231   1141.56480097   1351.40359278
            2068    757.05930376    970.28327307   1158.85736024   1381.26767015
            2069    759.13503696    980.23930331   1176.23820776   1411.58633952
            2070    761.04634981    990.07064305   1193.70734255   1442.35959907
            2071    762.79324243    999.77729225   1211.26476573   1473.58745068
            2072    764.32666965   1009.28043600   1228.91003539   1505.15502755
            2073    765.64663160   1018.58007428   1246.64315148   1537.06232947
            2074    766.75312815   1027.67620710   1264.46411399   1569.30935659
            2075    767.64615942   1036.56883445   1282.37292287   1601.89610848
            2076    768.32572530   1045.25795634   1300.36957820   1634.82258562
            2077    768.79182583   1053.74357276   1318.45408055   1668.08878890
            2078    769.04446104   1062.02568371   1336.62642877   1701.69471630
            2079    769.08363087   1070.10428920   1354.88662373   1735.64036941
            2080    768.90933537   1077.97938923   1373.23466435   1769.92574621
            2081    768.52157451   1085.65098380   1391.67055184   1804.55084893
            2082    767.98735987   1093.06046787   1410.22986817   1839.20166488
            2083    767.30669156   1100.20784146   1428.91261331   1873.87819415
            2084    766.47956947   1107.09310454   1447.71878726   1908.58043656
            2085    765.50599370   1113.71625714   1466.64838991   1943.30839216
            2086    764.38596416   1120.07729925   1485.70142141   1978.06206101
            2087    763.11948083   1126.17623086   1504.87788233   2012.84144416
            2088    761.70654383   1132.01305197   1524.17777145   2047.64653949
            2089    760.14715306   1137.58776259   1543.60108973   2082.47734856
            2090    758.44130862   1142.90036272   1563.14783598   2117.33386953
            2091    756.58901040   1147.95085236   1582.81801150   2152.21610453
            2092    754.75286354   1152.84000458   1602.61602100   2187.00341267
            2093    752.93286801   1157.56781938   1622.54186441   2221.69579396
            2094    751.12902383   1162.13429675   1642.59554176   2256.29324839
            2095    749.34133100   1166.53943672   1662.77705296   2290.79577594
            2096    747.56978952   1170.78323926   1683.08639809   2325.20337655
            2097    745.81439933   1174.86570439   1703.52357781   2359.51605135
            2098    744.07516055   1178.78683210   1724.08859081   2393.73379832
            2099    742.35207308   1182.54662239   1744.78143812   2427.85661900
            2100    740.64513703   1186.14507526   1765.60211850   2461.88451144
